	152801	3855581	4345542	1009440	996519	990269	954340	947627	816087	809189	806723	720729	664158	593544	586332	565897	555079	553272	536135	523025	511006	348167	319214	286686	273179	260976	208595	197222	188674	166838	164216	146154	144260	106543	100149	11136	5364	698164	1920715	2034243	2263183	2678325	847142	779409	2963287	3148512	3183891	1136782	646961	3906666	822879	4164932	4314491	4378332	4387271	4397763	4431405	4439229	4448694	4468812	4472218
152801	0	0.240242261104	0.268506056528	0.469044414536	0.467698519515	0.43001345895	0.469044414536	0.481830417227	0.443472409152	0.436069986541	0.471063257066	0.436069986541	0.444818304172	0.458277254374	0.464333781965	0.481830417227	0.462987886945	0.450874831763	0.446837146703	0.471063257066	0.43068640646	0.463660834455	0.446164199192	0.464333781965	0.446164199192	0.471063257066	0.445491251682	0.444145356662	0.446837146703	0.458277254374	0.452220726783	0.451547779273	0.473755047106	0.422611036339	0.442799461642	0.465679676985	0.451547779273	0.437415881561	0.478465679677	0.453566621803	0.442126514132	0.43068640646	0.43068640646	0.442126514132	0.446837146703	0.434724091521	0.43135935397	0.475773889637	0.471736204576	0.437415881561	0.436069986541	0.462314939435	0.434724091521	0.457604306864	0.436069986541	0.458277254374	0.422611036339	0.469044414536	0.466352624495	0.440107671602	0.4266487214
3855581	0.240242261104	0	0.279273216689	0.413862718708	0.410497981157	0.482503364738	0.397711978466	0.410497981157	0.495962314939	0.489232839838	0.411843876178	0.443472409152	0.458950201884	0.488559892328	0.447510094213	0.409825033647	0.452893674293	0.468371467026	0.486541049798	0.4266487214	0.42530282638	0.512113055182	0.436742934051	0.478465679677	0.440780619112	0.442126514132	0.421265141319	0.421938088829	0.438088829071	0.485195154778	0.514131897712	0.506729475101	0.405787348587	0.491251682369	0.50269179004	0.476446837147	0.468371467026	0.493943472409	0.458277254374	0.435397039031	0.462314939435	0.491251682369	0.483849259758	0.484522207268	0.470390309556	0.486541049798	0.469044414536	0.5	0.456258411844	0.482503364738	0.468371467026	0.403095558546	0.489905787349	0.422611036339	0.42732166891	0.446164199192	0.482503364738	0.50269179004	0.449528936743	0.485868102288	0.494616419919
4345542	0.268506056528	0.279273216689	0	0.439434724092	0.437415881561	0.450874831763	0.434724091521	0.444818304172	0.469717362046	0.455585464334	0.439434724092	0.416554508748	0.4266487214	0.464333781965	0.4266487214	0.462314939435	0.42597577389	0.422611036339	0.461641991925	0.457604306864	0.442126514132	0.467698519515	0.444818304172	0.445491251682	0.446164199192	0.434724091521	0.442126514132	0.446164199192	0.440780619112	0.460969044415	0.480484522207	0.471736204576	0.454239569314	0.447510094213	0.472409152086	0.440107671602	0.43203230148	0.448183041723	0.42799461642	0.453566621803	0.422611036339	0.446164199192	0.448183041723	0.450874831763	0.42934051144	0.458277254374	0.42732166891	0.456931359354	0.448183041723	0.468371467026	0.448183041723	0.435397039031	0.456258411844	0.415208613728	0.419919246299	0.448855989233	0.441453566622	0.465679676985	0.465006729475	0.460969044415	0.453566621803
1009440	0.469044414536	0.413862718708	0.439434724092	0	0.21399730821	0.21534320323	0.158142664872	0.14199192463	0.300134589502	0.263122476447	0.14064602961	0.221399730821	0.248317631225	0.207940780619	0.197846567968	0.175639300135	0.197846567968	0.200538358008	0.246298788694	0.183041722746	0.164199192463	0.244952893674	0.160834454913	0.232839838493	0.168236877524	0.195154777927	0.193808882907	0.168909825034	0.160834454913	0.228129205922	0.257738896366	0.244279946164	0.162180349933	0.169582772544	0.244279946164	0.21130551817	0.134589502019	0.226110363392	0.236204576043	0.222072678331	0.205248990579	0.241588156124	0.233512786003	0.199192462988	0.223418573351	0.179676985195	0.21736204576	0.269851951548	0.189771197847	0.28398384926	0.257065948856	0.134589502019	0.255047106326	0.155450874832	0.14064602961	0.166218034993	0.264468371467	0.251682368775	0.237550471063	0.220053835801	0.21601615074
996519	0.467698519515	0.410497981157	0.437415881561	0.21399730821	0	0.270524899058	0.2133243607	0.21399730821	0.263795423957	0.232166890983	0.187752355316	0.263795423957	0.200538358008	0.271870794078	0.231493943472	0.226783310902	0.227456258412	0.259757738896	0.300134589502	0.243606998654	0.201211305518	0.290713324361	0.21668909825	0.253028263795	0.209959623149	0.231493943472	0.168909825034	0.207940780619	0.21736204576	0.279273216689	0.292059219381	0.300134589502	0.218034993271	0.267160161507	0.292059219381	0.248317631225	0.242261103634	0.28398384926	0.246971736205	0.182368775236	0.246298788694	0.2866756393	0.273889636608	0.254374158816	0.251009421265	0.261776581427	0.267160161507	0.298115746972	0.233512786003	0.230820995962	0.220053835801	0.21399730821	0.256393001346	0.194481830417	0.204576043069	0.218707940781	0.224764468371	0.289367429341	0.203903095559	0.279273216689	0.270524899058
990269	0.43001345895	0.482503364738	0.450874831763	0.21534320323	0.270524899058	0	0.222745625841	0.197173620458	0.251682368775	0.207940780619	0.210632570659	0.187752355316	0.230148048452	0.163526244953	0.229475100942	0.250336473755	0.199192462988	0.183041722746	0.162180349933	0.236877523553	0.200538358008	0.179676985195	0.206594885599	0.193808882907	0.210632570659	0.207940780619	0.245625841184	0.21197846568	0.209959623149	0.196500672948	0.187079407806	0.166890982503	0.240915208614	0.150740242261	0.182368775236	0.197846567968	0.171601615074	0.135935397039	0.251682368775	0.277927321669	0.185060565276	0.167563930013	0.166890982503	0.14401076716	0.199865410498	0.148048452221	0.167563930013	0.223418573351	0.220053835801	0.230820995962	0.21399730821	0.228129205922	0.198519515478	0.21265141319	0.171601615074	0.158815612382	0.207940780619	0.193808882907	0.281965006729	0.167563930013	0.154104979812
954340	0.469044414536	0.397711978466	0.434724091521	0.158142664872	0.2133243607	0.222745625841	0	0.150067294751	0.298115746972	0.281965006729	0.177658142665	0.21130551817	0.249663526245	0.242934051144	0.21399730821	0.177658142665	0.21197846568	0.21265141319	0.244279946164	0.188425302826	0.173620457604	0.274562584118	0.181022880215	0.248317631225	0.186406460296	0.218707940781	0.201884253028	0.179676985195	0.183041722746	0.251009421265	0.267833109017	0.263795423957	0.160161507402	0.236877523553	0.267160161507	0.248990578735	0.21130551817	0.228802153432	0.238896366083	0.231493943472	0.21534320323	0.234858681023	0.246971736205	0.219380888291	0.233512786003	0.234858681023	0.21668909825	0.273889636608	0.220053835801	0.280619111709	0.263795423957	0.14602960969	0.263122476447	0.174293405114	0.172274562584	0.190444145357	0.269179004038	0.209286675639	0.243606998654	0.259084791386	0.245625841184
947627	0.481830417227	0.410497981157	0.444818304172	0.14199192463	0.21399730821	0.197173620458	0.150067294751	0	0.307537012113	0.279946164199	0.148721399731	0.226783310902	0.247644683715	0.232166890983	0.209959623149	0.169582772544	0.200538358008	0.203903095559	0.244952893674	0.185060565276	0.172947510094	0.263795423957	0.185733512786	0.233512786003	0.186406460296	0.181022880215	0.201211305518	0.181022880215	0.183714670256	0.247644683715	0.275235531629	0.251682368775	0.152759084791	0.226783310902	0.256393001346	0.228129205922	0.203230148048	0.233512786003	0.234185733513	0.235531628533	0.209286675639	0.257065948856	0.251009421265	0.205921938089	0.225437415882	0.231493943472	0.220053835801	0.28532974428	0.205921938089	0.281292059219	0.254374158816	0.153432032301	0.261103633917	0.160161507402	0.162180349933	0.162180349933	0.272543741588	0.246298788694	0.251009421265	0.254374158816	0.241588156124
816087	0.443472409152	0.495962314939	0.469717362046	0.300134589502	0.263795423957	0.251682368775	0.298115746972	0.307537012113	0	0.203903095559	0.28331090175	0.271870794078	0.218707940781	0.274562584118	0.28802153432	0.321668909825	0.300807537012	0.281965006729	0.242934051144	0.302153432032	0.265141318977	0.268506056528	0.270524899058	0.28802153432	0.270524899058	0.312247644684	0.242934051144	0.280619111709	0.274562584118	0.272543741588	0.269179004038	0.270524899058	0.305518169583	0.246971736205	0.259084791386	0.273216689098	0.273889636608	0.254374158816	0.318304172275	0.226110363392	0.266487213997	0.256393001346	0.242934051144	0.258411843876	0.281292059219	0.240242261104	0.268506056528	0.300134589502	0.295423956931	0.161507402423	0.21467025572	0.302826379542	0.21534320323	0.303499327052	0.266487213997	0.276581426649	0.210632570659	0.295423956931	0.157469717362	0.250336473755	0.240915208614
809189	0.436069986541	0.489232839838	0.455585464334	0.263122476447	0.232166890983	0.207940780619	0.281965006729	0.279946164199	0.203903095559	0	0.252355316285	0.236877523553	0.171601615074	0.234185733513	0.274562584118	0.295423956931	0.265814266487	0.248990578735	0.21736204576	0.277927321669	0.236877523553	0.225437415882	0.238896366083	0.257065948856	0.239569313594	0.263122476447	0.193808882907	0.248990578735	0.237550471063	0.230820995962	0.242934051144	0.238223418573	0.281292059219	0.207267833109	0.21668909825	0.230820995962	0.230148048452	0.221399730821	0.269851951548	0.224091520861	0.233512786003	0.229475100942	0.21197846568	0.203903095559	0.253701211306	0.191117092867	0.254374158816	0.28802153432	0.265141318977	0.168236877524	0.180349932705	0.274562584118	0.186406460296	0.279273216689	0.232839838493	0.242261103634	0.115746971736	0.267833109017	0.246298788694	0.21399730821	0.206594885599
806723	0.471063257066	0.411843876178	0.439434724092	0.14064602961	0.187752355316	0.210632570659	0.177658142665	0.148721399731	0.28331090175	0.252355316285	0	0.221399730821	0.224764468371	0.162180349933	0.198519515478	0.182368775236	0.198519515478	0.208613728129	0.243606998654	0.179676985195	0.172274562584	0.218034993271	0.170928667564	0.179004037685	0.174293405114	0.189098250336	0.185733512786	0.163526244953	0.168909825034	0.199192462988	0.265141318977	0.240242261104	0.172274562584	0.205248990579	0.207267833109	0.21130551817	0.179676985195	0.230148048452	0.222072678331	0.21601615074	0.198519515478	0.234858681023	0.230820995962	0.163526244953	0.222745625841	0.184387617766	0.227456258412	0.275908479139	0.176312247645	0.264468371467	0.238223418573	0.160834454913	0.253028263795	0.156796769852	0.107671601615	0.156796769852	0.243606998654	0.255720053836	0.235531628533	0.204576043069	0.220726783311
720729	0.436069986541	0.443472409152	0.416554508748	0.221399730821	0.263795423957	0.187752355316	0.21130551817	0.226783310902	0.271870794078	0.236877523553	0.221399730821	0	0.21197846568	0.202557200538	0.21399730821	0.225437415882	0.195154777927	0.173620457604	0.208613728129	0.252355316285	0.21399730821	0.238896366083	0.228129205922	0.21399730821	0.230148048452	0.236877523553	0.251009421265	0.235531628533	0.233512786003	0.204576043069	0.232839838493	0.2133243607	0.21601615074	0.195827725437	0.207267833109	0.210632570659	0.177658142665	0.187079407806	0.249663526245	0.275235531629	0.183041722746	0.21265141319	0.195827725437	0.185060565276	0.181695827725	0.207267833109	0.179676985195	0.244952893674	0.21668909825	0.248990578735	0.228802153432	0.205248990579	0.221399730821	0.207267833109	0.187079407806	0.220726783311	0.241588156124	0.203903095559	0.277927321669	0.209286675639	0.200538358008
664158	0.444818304172	0.458950201884	0.4266487214	0.248317631225	0.200538358008	0.230148048452	0.249663526245	0.247644683715	0.218707940781	0.171601615074	0.224764468371	0.21197846568	0	0.226783310902	0.236877523553	0.260430686406	0.218707940781	0.209959623149	0.236877523553	0.276581426649	0.228802153432	0.235531628533	0.234858681023	0.2133243607	0.231493943472	0.243606998654	0.152759084791	0.242934051144	0.220726783311	0.226110363392	0.253701211306	0.248990578735	0.243606998654	0.231493943472	0.240915208614	0.196500672948	0.205921938089	0.230820995962	0.239569313594	0.221399730821	0.193135935397	0.230148048452	0.224764468371	0.21534320323	0.207940780619	0.222072678331	0.222072678331	0.271197846568	0.236877523553	0.185060565276	0.162853297443	0.234185733513	0.21130551817	0.232839838493	0.21467025572	0.229475100942	0.163526244953	0.259084791386	0.247644683715	0.231493943472	0.21534320323
593544	0.458277254374	0.488559892328	0.464333781965	0.207940780619	0.271870794078	0.163526244953	0.242934051144	0.232166890983	0.274562584118	0.234185733513	0.162180349933	0.202557200538	0.226783310902	0	0.234858681023	0.262449528937	0.21534320323	0.192462987887	0.206594885599	0.267833109017	0.231493943472	0.170255720054	0.224091520861	0.151413189771	0.237550471063	0.239569313594	0.255720053836	0.241588156124	0.224764468371	0.124495289367	0.176985195155	0.170928667564	0.242934051144	0.163526244953	0.152086137281	0.206594885599	0.150740242261	0.176312247645	0.259084791386	0.28802153432	0.199865410498	0.209959623149	0.195827725437	0.106998654105	0.202557200538	0.153432032301	0.183041722746	0.236877523553	0.185060565276	0.249663526245	0.206594885599	0.232839838493	0.223418573351	0.226783310902	0.101615074024	0.207940780619	0.219380888291	0.172947510094	0.309555854643	0.152759084791	0.187079407806
586332	0.464333781965	0.447510094213	0.4266487214	0.197846567968	0.231493943472	0.229475100942	0.21399730821	0.209959623149	0.28802153432	0.274562584118	0.198519515478	0.21399730821	0.236877523553	0.234858681023	0	0.226110363392	0.152759084791	0.169582772544	0.247644683715	0.222072678331	0.171601615074	0.265141318977	0.185060565276	0.203903095559	0.184387617766	0.155450874832	0.251009421265	0.190444145357	0.191117092867	0.248317631225	0.229475100942	0.202557200538	0.21467025572	0.231493943472	0.261103633917	0.226110363392	0.199865410498	0.197846567968	0.209959623149	0.263122476447	0.129205921938	0.259757738896	0.199192462988	0.224091520861	0.161507402423	0.218707940781	0.171601615074	0.176312247645	0.168236877524	0.269851951548	0.250336473755	0.177658142665	0.234185733513	0.14602960969	0.189771197847	0.205248990579	0.269179004038	0.21736204576	0.271197846568	0.256393001346	0.179004037685
565897	0.481830417227	0.409825033647	0.462314939435	0.175639300135	0.226783310902	0.250336473755	0.177658142665	0.169582772544	0.321668909825	0.295423956931	0.182368775236	0.225437415882	0.260430686406	0.262449528937	0.226110363392	0	0.218034993271	0.228802153432	0.257738896366	0.188425302826	0.175639300135	0.281292059219	0.190444145357	0.257065948856	0.192462987887	0.231493943472	0.222745625841	0.189098250336	0.184387617766	0.267160161507	0.28734858681	0.273216689098	0.0814266487214	0.257738896366	0.277927321669	0.235531628533	0.229475100942	0.238223418573	0.257065948856	0.248990578735	0.229475100942	0.278600269179	0.259084791386	0.243606998654	0.233512786003	0.257065948856	0.241588156124	0.298115746972	0.228802153432	0.28869448183	0.279946164199	0.151413189771	0.259757738896	0.191790040377	0.191790040377	0.201211305518	0.289367429341	0.280619111709	0.258411843876	0.265814266487	0.247644683715
555079	0.462987886945	0.452893674293	0.42597577389	0.197846567968	0.227456258412	0.199192462988	0.21197846568	0.200538358008	0.300807537012	0.265814266487	0.198519515478	0.195154777927	0.218707940781	0.21534320323	0.152759084791	0.218034993271	0	0.0666218034993	0.228802153432	0.185733512786	0.172274562584	0.240915208614	0.183714670256	0.187752355316	0.178331090175	0.181022880215	0.239569313594	0.193135935397	0.183041722746	0.226110363392	0.210632570659	0.150067294751	0.203903095559	0.199865410498	0.232166890983	0.198519515478	0.180349932705	0.174966352624	0.194481830417	0.278600269179	0.146702557201	0.220053835801	0.194481830417	0.198519515478	0.151413189771	0.198519515478	0.148721399731	0.202557200538	0.170255720054	0.265141318977	0.229475100942	0.156123822342	0.244279946164	0.109690444145	0.179004037685	0.182368775236	0.248317631225	0.197173620458	0.281292059219	0.228129205922	0.175639300135
553272	0.450874831763	0.468371467026	0.422611036339	0.200538358008	0.259757738896	0.183041722746	0.21265141319	0.203903095559	0.281965006729	0.248990578735	0.208613728129	0.173620457604	0.209959623149	0.192462987887	0.169582772544	0.228802153432	0.0666218034993	0	0.209286675639	0.188425302826	0.179676985195	0.224091520861	0.189771197847	0.193808882907	0.189098250336	0.21265141319	0.251682368775	0.203903095559	0.193135935397	0.203230148048	0.191790040377	0.121130551817	0.2133243607	0.185060565276	0.21265141319	0.189098250336	0.157469717362	0.14602960969	0.225437415882	0.279946164199	0.127187079408	0.203230148048	0.175639300135	0.179676985195	0.154104979812	0.183714670256	0.14468371467	0.200538358008	0.201884253028	0.255047106326	0.2133243607	0.164872139973	0.220053835801	0.129205921938	0.188425302826	0.197173620458	0.232839838493	0.197173620458	0.28465679677	0.21197846568	0.14535666218
536135	0.446837146703	0.486541049798	0.461641991925	0.246298788694	0.300134589502	0.162180349933	0.244279946164	0.244952893674	0.242934051144	0.21736204576	0.243606998654	0.208613728129	0.236877523553	0.206594885599	0.247644683715	0.257738896366	0.228802153432	0.209286675639	0	0.250336473755	0.218707940781	0.202557200538	0.224091520861	0.222745625841	0.232839838493	0.263122476447	0.264468371467	0.231493943472	0.221399730821	0.218034993271	0.21601615074	0.202557200538	0.240915208614	0.173620457604	0.199865410498	0.226783310902	0.21467025572	0.167563930013	0.267160161507	0.280619111709	0.21265141319	0.187079407806	0.185060565276	0.188425302826	0.224764468371	0.174293405114	0.181695827725	0.253028263795	0.244952893674	0.231493943472	0.220726783311	0.242261103634	0.202557200538	0.250336473755	0.204576043069	0.21197846568	0.226110363392	0.21668909825	0.28532974428	0.193135935397	0.188425302826
523025	0.471063257066	0.4266487214	0.457604306864	0.183041722746	0.243606998654	0.236877523553	0.188425302826	0.185060565276	0.302153432032	0.277927321669	0.179676985195	0.252355316285	0.276581426649	0.267833109017	0.222072678331	0.188425302826	0.185733512786	0.188425302826	0.250336473755	0	0.155450874832	0.270524899058	0.164199192463	0.269851951548	0.163526244953	0.231493943472	0.201211305518	0.152759084791	0.160834454913	0.279946164199	0.252355316285	0.203230148048	0.181022880215	0.244279946164	0.267833109017	0.261103633917	0.232839838493	0.228129205922	0.261103633917	0.226110363392	0.21534320323	0.246298788694	0.231493943472	0.229475100942	0.242934051144	0.236204576043	0.236204576043	0.292732166891	0.239569313594	0.267160161507	0.279273216689	0.157469717362	0.250336473755	0.135262449529	0.192462987887	0.185060565276	0.264468371467	0.296096904441	0.249663526245	0.246971736205	0.21130551817
511006	0.43068640646	0.42530282638	0.442126514132	0.164199192463	0.201211305518	0.200538358008	0.173620457604	0.172947510094	0.265141318977	0.236877523553	0.172274562584	0.21399730821	0.228802153432	0.231493943472	0.171601615074	0.175639300135	0.172274562584	0.179676985195	0.218707940781	0.155450874832	0	0.246298788694	0.104979811575	0.240915208614	0.107671601615	0.192462987887	0.172947510094	0.119784656797	0.102960969044	0.244952893674	0.205248990579	0.199865410498	0.160834454913	0.201211305518	0.237550471063	0.236877523553	0.206594885599	0.184387617766	0.241588156124	0.193135935397	0.164872139973	0.21668909825	0.152759084791	0.193135935397	0.189098250336	0.202557200538	0.201884253028	0.247644683715	0.204576043069	0.244279946164	0.246971736205	0.120457604307	0.189098250336	0.136608344549	0.156796769852	0.155450874832	0.240242261104	0.252355316285	0.207940780619	0.218034993271	0.164199192463
348167	0.463660834455	0.512113055182	0.467698519515	0.244952893674	0.290713324361	0.179676985195	0.274562584118	0.263795423957	0.268506056528	0.225437415882	0.218034993271	0.238896366083	0.235531628533	0.170255720054	0.265141318977	0.281292059219	0.240915208614	0.224091520861	0.202557200538	0.270524899058	0.246298788694	0	0.239569313594	0.188425302826	0.245625841184	0.257738896366	0.257065948856	0.248990578735	0.243606998654	0.176312247645	0.223418573351	0.206594885599	0.277927321669	0.181022880215	0.169582772544	0.222745625841	0.198519515478	0.197173620458	0.281292059219	0.28600269179	0.222745625841	0.21668909825	0.202557200538	0.14468371467	0.251009421265	0.173620457604	0.224764468371	0.271197846568	0.21736204576	0.246971736205	0.237550471063	0.268506056528	0.221399730821	0.249663526245	0.191117092867	0.223418573351	0.200538358008	0.245625841184	0.300807537012	0.152086137281	0.203230148048
319214	0.446164199192	0.436742934051	0.444818304172	0.160834454913	0.21668909825	0.206594885599	0.181022880215	0.185733512786	0.270524899058	0.238896366083	0.170928667564	0.228129205922	0.234858681023	0.224091520861	0.185060565276	0.190444145357	0.183714670256	0.189771197847	0.224091520861	0.164199192463	0.104979811575	0.239569313594	0	0.229475100942	0.0457604306864	0.189098250336	0.180349932705	0.0740242261104	0.0423956931359	0.241588156124	0.164199192463	0.218707940781	0.169582772544	0.205248990579	0.230148048452	0.228802153432	0.197846567968	0.201211305518	0.234858681023	0.197846567968	0.184387617766	0.230820995962	0.197846567968	0.190444145357	0.207267833109	0.209959623149	0.219380888291	0.269179004038	0.204576043069	0.251682368775	0.249663526245	0.14131897712	0.202557200538	0.156123822342	0.149394347241	0.150067294751	0.226110363392	0.255720053836	0.196500672948	0.21736204576	0.181695827725
286686	0.464333781965	0.478465679677	0.445491251682	0.232839838493	0.253028263795	0.193808882907	0.248317631225	0.233512786003	0.28802153432	0.257065948856	0.179004037685	0.21399730821	0.2133243607	0.151413189771	0.203903095559	0.257065948856	0.187752355316	0.193808882907	0.222745625841	0.269851951548	0.240915208614	0.188425302826	0.229475100942	0	0.230148048452	0.207267833109	0.263122476447	0.244279946164	0.232839838493	0.185733512786	0.237550471063	0.228129205922	0.246971736205	0.198519515478	0.179004037685	0.203230148048	0.165545087483	0.207940780619	0.242261103634	0.28331090175	0.195154777927	0.227456258412	0.21736204576	0.14199192463	0.197846567968	0.185060565276	0.195154777927	0.224091520861	0.157469717362	0.256393001346	0.219380888291	0.245625841184	0.244952893674	0.209286675639	0.163526244953	0.21130551817	0.236877523553	0.221399730821	0.302153432032	0.189098250336	0.219380888291
273179	0.446164199192	0.440780619112	0.446164199192	0.168236877524	0.209959623149	0.210632570659	0.186406460296	0.186406460296	0.270524899058	0.239569313594	0.174293405114	0.230148048452	0.231493943472	0.237550471063	0.184387617766	0.192462987887	0.178331090175	0.189098250336	0.232839838493	0.163526244953	0.107671601615	0.245625841184	0.0457604306864	0.230148048452	0	0.190444145357	0.188425302826	0.0699865410498	0.043068640646	0.243606998654	0.168236877524	0.209959623149	0.175639300135	0.210632570659	0.235531628533	0.222072678331	0.199865410498	0.198519515478	0.233512786003	0.196500672948	0.179676985195	0.230820995962	0.197173620458	0.197173620458	0.199865410498	0.209959623149	0.21736204576	0.266487213997	0.209286675639	0.244952893674	0.253701211306	0.14535666218	0.195827725437	0.151413189771	0.162853297443	0.160161507402	0.234185733513	0.261776581427	0.203903095559	0.221399730821	0.179004037685
260976	0.471063257066	0.442126514132	0.434724091521	0.195154777927	0.231493943472	0.207940780619	0.218707940781	0.181022880215	0.312247644684	0.263122476447	0.189098250336	0.236877523553	0.243606998654	0.239569313594	0.155450874832	0.231493943472	0.181022880215	0.21265141319	0.263122476447	0.231493943472	0.192462987887	0.257738896366	0.189098250336	0.207267833109	0.190444145357	0	0.234858681023	0.198519515478	0.195154777927	0.242261103634	0.262449528937	0.255047106326	0.21265141319	0.226783310902	0.244279946164	0.21668909825	0.191117092867	0.244279946164	0.2133243607	0.256393001346	0.202557200538	0.253028263795	0.242934051144	0.21130551817	0.21265141319	0.233512786003	0.225437415882	0.244952893674	0.158142664872	0.28802153432	0.264468371467	0.210632570659	0.247644683715	0.172947510094	0.172274562584	0.176312247645	0.253701211306	0.240915208614	0.271197846568	0.242934051144	0.236204576043
208595	0.445491251682	0.421265141319	0.442126514132	0.193808882907	0.168909825034	0.245625841184	0.201884253028	0.201211305518	0.242934051144	0.193808882907	0.185733512786	0.251009421265	0.152759084791	0.255720053836	0.251009421265	0.222745625841	0.239569313594	0.251682368775	0.264468371467	0.201211305518	0.172947510094	0.257065948856	0.180349932705	0.263122476447	0.188425302826	0.234858681023	0	0.184387617766	0.176312247645	0.256393001346	0.272543741588	0.265141318977	0.208613728129	0.236204576043	0.250336473755	0.253701211306	0.241588156124	0.242261103634	0.247644683715	0.162853297443	0.251682368775	0.248990578735	0.253701211306	0.21601615074	0.266487213997	0.234858681023	0.267160161507	0.306864064603	0.234185733513	0.207940780619	0.2133243607	0.191790040377	0.231493943472	0.206594885599	0.181022880215	0.198519515478	0.179004037685	0.298788694482	0.191790040377	0.235531628533	0.240915208614
197222	0.444145356662	0.421938088829	0.446164199192	0.168909825034	0.207940780619	0.21197846568	0.179676985195	0.181022880215	0.280619111709	0.248990578735	0.163526244953	0.235531628533	0.242934051144	0.241588156124	0.190444145357	0.189098250336	0.193135935397	0.203903095559	0.231493943472	0.152759084791	0.119784656797	0.248990578735	0.0740242261104	0.244279946164	0.0699865410498	0.198519515478	0.184387617766	0	0.0659488559892	0.257738896366	0.163526244953	0.209959623149	0.172274562584	0.21668909825	0.246298788694	0.224091520861	0.205248990579	0.208613728129	0.240242261104	0.209286675639	0.187752355316	0.237550471063	0.189771197847	0.200538358008	0.208613728129	0.209286675639	0.21668909825	0.268506056528	0.219380888291	0.255720053836	0.256393001346	0.14199192463	0.21399730821	0.160161507402	0.168909825034	0.160161507402	0.235531628533	0.261103633917	0.21601615074	0.228129205922	0.187079407806
188674	0.446837146703	0.438088829071	0.440780619112	0.160834454913	0.21736204576	0.209959623149	0.183041722746	0.183714670256	0.274562584118	0.237550471063	0.168909825034	0.233512786003	0.220726783311	0.224764468371	0.191117092867	0.184387617766	0.183041722746	0.193135935397	0.221399730821	0.160834454913	0.102960969044	0.243606998654	0.0423956931359	0.232839838493	0.043068640646	0.195154777927	0.176312247645	0.0659488559892	0	0.240915208614	0.165545087483	0.21265141319	0.166890982503	0.21197846568	0.236877523553	0.218034993271	0.205248990579	0.199192462988	0.228129205922	0.197173620458	0.177658142665	0.227456258412	0.186406460296	0.195154777927	0.193135935397	0.209286675639	0.21399730821	0.267833109017	0.210632570659	0.251009421265	0.253028263795	0.14131897712	0.197173620458	0.154777927322	0.152759084791	0.147375504711	0.228802153432	0.253028263795	0.204576043069	0.2133243607	0.176312247645
166838	0.458277254374	0.485195154778	0.460969044415	0.228129205922	0.279273216689	0.196500672948	0.251009421265	0.247644683715	0.272543741588	0.230820995962	0.199192462988	0.204576043069	0.226110363392	0.124495289367	0.248317631225	0.267160161507	0.226110363392	0.203230148048	0.218034993271	0.279946164199	0.244952893674	0.176312247645	0.241588156124	0.185733512786	0.243606998654	0.242261103634	0.256393001346	0.257738896366	0.240915208614	0	0.208613728129	0.200538358008	0.254374158816	0.181695827725	0.0962314939435	0.21197846568	0.185060565276	0.205921938089	0.257065948856	0.292059219381	0.206594885599	0.224091520861	0.203230148048	0.148721399731	0.21668909825	0.176985195155	0.210632570659	0.263795423957	0.154777927322	0.249663526245	0.198519515478	0.243606998654	0.232839838493	0.244279946164	0.173620457604	0.233512786003	0.222072678331	0.191117092867	0.310228802153	0.0605652759085	0.205248990579
164216	0.452220726783	0.514131897712	0.480484522207	0.257738896366	0.292059219381	0.187079407806	0.267833109017	0.275235531629	0.269179004038	0.242934051144	0.265141318977	0.232839838493	0.253701211306	0.176985195155	0.229475100942	0.28734858681	0.210632570659	0.191790040377	0.21601615074	0.252355316285	0.205248990579	0.223418573351	0.164199192463	0.237550471063	0.168236877524	0.262449528937	0.272543741588	0.163526244953	0.165545087483	0.208613728129	0	0.14535666218	0.264468371467	0.182368775236	0.2133243607	0.239569313594	0.203230148048	0.169582772544	0.28869448183	0.290040376851	0.186406460296	0.220053835801	0.158142664872	0.187752355316	0.206594885599	0.188425302826	0.192462987887	0.240915208614	0.266487213997	0.242934051144	0.21467025572	0.236877523553	0.2133243607	0.236877523553	0.220726783311	0.234185733513	0.227456258412	0.195827725437	0.28734858681	0.21197846568	0.155450874832
146154	0.451547779273	0.506729475101	0.471736204576	0.244279946164	0.300134589502	0.166890982503	0.263795423957	0.251682368775	0.270524899058	0.238223418573	0.240242261104	0.2133243607	0.248990578735	0.170928667564	0.202557200538	0.273216689098	0.150067294751	0.121130551817	0.202557200538	0.203230148048	0.199865410498	0.206594885599	0.218707940781	0.228129205922	0.209959623149	0.255047106326	0.265141318977	0.209959623149	0.21265141319	0.200538358008	0.14535666218	0	0.256393001346	0.183714670256	0.204576043069	0.233512786003	0.205248990579	0.14064602961	0.273889636608	0.297442799462	0.159488559892	0.203230148048	0.159488559892	0.193135935397	0.189771197847	0.176985195155	0.164199192463	0.219380888291	0.244279946164	0.246971736205	0.21601615074	0.218707940781	0.210632570659	0.151413189771	0.220726783311	0.21601615074	0.234185733513	0.176985195155	0.308209959623	0.203230148048	0.14064602961
144260	0.473755047106	0.405787348587	0.454239569314	0.162180349933	0.218034993271	0.240915208614	0.160161507402	0.152759084791	0.305518169583	0.281292059219	0.172274562584	0.21601615074	0.243606998654	0.242934051144	0.21467025572	0.0814266487214	0.203903095559	0.2133243607	0.240915208614	0.181022880215	0.160834454913	0.277927321669	0.169582772544	0.246971736205	0.175639300135	0.21265141319	0.208613728129	0.172274562584	0.166890982503	0.254374158816	0.264468371467	0.256393001346	0	0.238896366083	0.263122476447	0.228802153432	0.226783310902	0.233512786003	0.244952893674	0.234185733513	0.218707940781	0.257065948856	0.238896366083	0.227456258412	0.21265141319	0.244279946164	0.221399730821	0.281965006729	0.218034993271	0.279946164199	0.264468371467	0.14199192463	0.249663526245	0.172947510094	0.172274562584	0.197846567968	0.281965006729	0.255047106326	0.239569313594	0.253028263795	0.241588156124
106543	0.422611036339	0.491251682369	0.447510094213	0.169582772544	0.267160161507	0.150740242261	0.236877523553	0.226783310902	0.246971736205	0.207267833109	0.205248990579	0.195827725437	0.231493943472	0.163526244953	0.231493943472	0.257738896366	0.199865410498	0.185060565276	0.173620457604	0.244279946164	0.201211305518	0.181022880215	0.205248990579	0.198519515478	0.210632570659	0.226783310902	0.236204576043	0.21668909825	0.21197846568	0.181695827725	0.182368775236	0.183714670256	0.238896366083	0	0.167563930013	0.194481830417	0.103633916555	0.167563930013	0.259757738896	0.253701211306	0.193135935397	0.189771197847	0.170928667564	0.14199192463	0.199865410498	0.0807537012113	0.179004037685	0.231493943472	0.207267833109	0.222072678331	0.209959623149	0.228129205922	0.200538358008	0.218707940781	0.170255720054	0.198519515478	0.199865410498	0.210632570659	0.272543741588	0.155450874832	0.163526244953
100149	0.442799461642	0.50269179004	0.472409152086	0.244279946164	0.292059219381	0.182368775236	0.267160161507	0.256393001346	0.259084791386	0.21668909825	0.207267833109	0.207267833109	0.240915208614	0.152086137281	0.261103633917	0.277927321669	0.232166890983	0.21265141319	0.199865410498	0.267833109017	0.237550471063	0.169582772544	0.230148048452	0.179004037685	0.235531628533	0.244279946164	0.250336473755	0.246298788694	0.236877523553	0.0962314939435	0.2133243607	0.204576043069	0.263122476447	0.167563930013	0	0.218707940781	0.189771197847	0.195827725437	0.272543741588	0.28600269179	0.21534320323	0.206594885599	0.197173620458	0.134589502019	0.234185733513	0.166890982503	0.222072678331	0.269179004038	0.158815612382	0.243606998654	0.21399730821	0.264468371467	0.228129205922	0.253701211306	0.164872139973	0.21197846568	0.21399730821	0.223418573351	0.290040376851	0.0888290713324	0.188425302826
11136	0.465679676985	0.476446837147	0.440107671602	0.21130551817	0.248317631225	0.197846567968	0.248990578735	0.228129205922	0.273216689098	0.230820995962	0.21130551817	0.210632570659	0.196500672948	0.206594885599	0.226110363392	0.235531628533	0.198519515478	0.189098250336	0.226783310902	0.261103633917	0.236877523553	0.222745625841	0.228802153432	0.203230148048	0.222072678331	0.21668909825	0.253701211306	0.224091520861	0.218034993271	0.21197846568	0.239569313594	0.233512786003	0.228802153432	0.194481830417	0.218707940781	0	0.162180349933	0.222745625841	0.242261103634	0.257065948856	0.178331090175	0.235531628533	0.220053835801	0.188425302826	0.209959623149	0.192462987887	0.21467025572	0.263122476447	0.218034993271	0.259757738896	0.21668909825	0.239569313594	0.242934051144	0.226110363392	0.202557200538	0.21197846568	0.240242261104	0.242261103634	0.280619111709	0.206594885599	0.207940780619
5364	0.451547779273	0.468371467026	0.43203230148	0.134589502019	0.242261103634	0.171601615074	0.21130551817	0.203230148048	0.273889636608	0.230148048452	0.179676985195	0.177658142665	0.205921938089	0.150740242261	0.199865410498	0.229475100942	0.180349932705	0.157469717362	0.21467025572	0.232839838493	0.206594885599	0.198519515478	0.197846567968	0.165545087483	0.199865410498	0.191117092867	0.241588156124	0.205248990579	0.205248990579	0.185060565276	0.203230148048	0.205248990579	0.226783310902	0.103633916555	0.189771197847	0.162180349933	0	0.185733512786	0.230820995962	0.259084791386	0.162853297443	0.207940780619	0.194481830417	0.14401076716	0.187752355316	0.0915208613728	0.173620457604	0.233512786003	0.176985195155	0.251682368775	0.210632570659	0.201211305518	0.222745625841	0.193135935397	0.14468371467	0.183714670256	0.21736204576	0.21197846568	0.273216689098	0.188425302826	0.178331090175
698164	0.437415881561	0.493943472409	0.448183041723	0.226110363392	0.28398384926	0.135935397039	0.228802153432	0.233512786003	0.254374158816	0.221399730821	0.230148048452	0.187079407806	0.230820995962	0.176312247645	0.197846567968	0.238223418573	0.174966352624	0.14602960969	0.167563930013	0.228129205922	0.184387617766	0.197173620458	0.201211305518	0.207940780619	0.198519515478	0.244279946164	0.242261103634	0.208613728129	0.199192462988	0.205921938089	0.169582772544	0.14064602961	0.233512786003	0.167563930013	0.195827725437	0.222745625841	0.185733512786	0	0.255047106326	0.277254374159	0.161507402423	0.178331090175	0.154777927322	0.162180349933	0.185733512786	0.158142664872	0.124495289367	0.205248990579	0.238223418573	0.223418573351	0.205248990579	0.201884253028	0.190444145357	0.201211305518	0.190444145357	0.195154777927	0.21601615074	0.191790040377	0.281292059219	0.184387617766	0.127860026918
1920715	0.478465679677	0.458277254374	0.42799461642	0.236204576043	0.246971736205	0.251682368775	0.238896366083	0.234185733513	0.318304172275	0.269851951548	0.222072678331	0.249663526245	0.239569313594	0.259084791386	0.209959623149	0.257065948856	0.194481830417	0.225437415882	0.267160161507	0.261103633917	0.241588156124	0.281292059219	0.234858681023	0.242261103634	0.233512786003	0.2133243607	0.247644683715	0.240242261104	0.228129205922	0.257065948856	0.28869448183	0.273889636608	0.244952893674	0.259757738896	0.272543741588	0.242261103634	0.230820995962	0.255047106326	0	0.290713324361	0.222072678331	0.238223418573	0.278600269179	0.250336473755	0.238223418573	0.253701211306	0.238223418573	0.293405114401	0.21399730821	0.292732166891	0.276581426649	0.230148048452	0.269851951548	0.210632570659	0.21601615074	0.232166890983	0.266487213997	0.256393001346	0.298788694482	0.265814266487	0.267160161507
2034243	0.453566621803	0.435397039031	0.453566621803	0.222072678331	0.182368775236	0.277927321669	0.231493943472	0.235531628533	0.226110363392	0.224091520861	0.21601615074	0.275235531629	0.221399730821	0.28802153432	0.263122476447	0.248990578735	0.278600269179	0.279946164199	0.280619111709	0.226110363392	0.193135935397	0.28600269179	0.197846567968	0.28331090175	0.196500672948	0.256393001346	0.162853297443	0.209286675639	0.197173620458	0.292059219381	0.290040376851	0.297442799462	0.234185733513	0.253701211306	0.28600269179	0.257065948856	0.259084791386	0.277254374159	0.290713324361	0	0.269179004038	0.28532974428	0.263122476447	0.246298788694	0.279946164199	0.254374158816	0.300134589502	0.333109017497	0.265814266487	0.201884253028	0.251682368775	0.239569313594	0.232839838493	0.236877523553	0.21534320323	0.226783310902	0.220726783311	0.318977119785	0.167563930013	0.262449528937	0.265141318977
2263183	0.442126514132	0.462314939435	0.422611036339	0.205248990579	0.246298788694	0.185060565276	0.21534320323	0.209286675639	0.266487213997	0.233512786003	0.198519515478	0.183041722746	0.193135935397	0.199865410498	0.129205921938	0.229475100942	0.146702557201	0.127187079408	0.21265141319	0.21534320323	0.164872139973	0.222745625841	0.184387617766	0.195154777927	0.179676985195	0.202557200538	0.251682368775	0.187752355316	0.177658142665	0.206594885599	0.186406460296	0.159488559892	0.218707940781	0.193135935397	0.21534320323	0.178331090175	0.162853297443	0.161507402423	0.222072678331	0.269179004038	0	0.220726783311	0.160161507402	0.181022880215	0.147375504711	0.178331090175	0.164199192463	0.197846567968	0.21197846568	0.239569313594	0.21197846568	0.172947510094	0.201884253028	0.164199192463	0.193135935397	0.205248990579	0.233512786003	0.204576043069	0.28263795424	0.21130551817	0.14333781965
2678325	0.43068640646	0.491251682369	0.446164199192	0.241588156124	0.2866756393	0.167563930013	0.234858681023	0.257065948856	0.256393001346	0.229475100942	0.234858681023	0.21265141319	0.230148048452	0.209959623149	0.259757738896	0.278600269179	0.220053835801	0.203230148048	0.187079407806	0.246298788694	0.21668909825	0.21668909825	0.230820995962	0.227456258412	0.230820995962	0.253028263795	0.248990578735	0.237550471063	0.227456258412	0.224091520861	0.220053835801	0.203230148048	0.257065948856	0.189771197847	0.206594885599	0.235531628533	0.207940780619	0.178331090175	0.238223418573	0.28532974428	0.220726783311	0	0.197846567968	0.183714670256	0.230148048452	0.187752355316	0.196500672948	0.258411843876	0.251682368775	0.236877523553	0.220726783311	0.241588156124	0.205248990579	0.240915208614	0.21130551817	0.203903095559	0.224764468371	0.228802153432	0.28802153432	0.197173620458	0.184387617766
847142	0.43068640646	0.483849259758	0.448183041723	0.233512786003	0.273889636608	0.166890982503	0.246971736205	0.251009421265	0.242934051144	0.21197846568	0.230820995962	0.195827725437	0.224764468371	0.195827725437	0.199192462988	0.259084791386	0.194481830417	0.175639300135	0.185060565276	0.231493943472	0.152759084791	0.202557200538	0.197846567968	0.21736204576	0.197173620458	0.242934051144	0.253701211306	0.189771197847	0.186406460296	0.203230148048	0.158142664872	0.159488559892	0.238896366083	0.170928667564	0.197173620458	0.220053835801	0.194481830417	0.154777927322	0.278600269179	0.263122476447	0.160161507402	0.197846567968	0	0.172947510094	0.172274562584	0.162853297443	0.175639300135	0.21197846568	0.236877523553	0.21534320323	0.218707940781	0.206594885599	0.168236877524	0.218034993271	0.201884253028	0.2133243607	0.21399730821	0.205248990579	0.270524899058	0.181022880215	0.130551816958
